IMG_1267,[0, 5, 85, 170, 229],[(147, 116, 111), (192, 179, 179), (228, 228, 230), (28, 29, 28), (74, 69, 72)]
IMG_1274,[159, 161, 170, 170, 191],[(225, 226, 229), (184, 184, 189), (111, 111, 115), (43, 42, 44), (151, 152, 156)]
IMG_1624,[0, 15, 102, 123, 135],[(154, 158, 159), (243, 242, 242), (37, 30, 26), (66, 76, 70), (105, 115, 114)]
IMG_1673,[2, 24, 153, 191, 226],[(11, 75, 179), (70, 61, 67), (228, 225, 221), (14, 12, 16), (154, 135, 134)]
IMG_1223,[12, 12, 26, 29, 150],[(220, 225, 231), (134, 120, 97), (185, 169, 134), (30, 25, 23), (74, 64, 60)]
IMG_1235,[140, 142, 144, 147, 161],[(223, 236, 242), (41, 43, 51), (138, 168, 188), (176, 203, 218), (94, 115, 133)]
IMG_1665,[21, 36, 74, 121, 141],[(178, 173, 145), (21, 23, 24), (245, 244, 243), (119, 134, 114), (72, 79, 78)]
IMG_1632,[53, 154, 217, 236, 251],[(117, 104, 105), (96, 141, 219), (73, 65, 72), (216, 217, 213), (34, 27, 30)]
IMG_1130,[0, 0, 0, 0, 0],[(144, 144, 144), (99, 99, 99), (205, 205, 205), (34, 34, 34), (172, 172, 172)]
IMG_1560,[9, 20, 22, 30, 240],[(173, 167, 151), (75, 53, 47), (119, 113, 106), (21, 18, 19), (237, 226, 216)]
IMG_1649,[14, 15, 16, 16, 19],[(198, 175, 156), (113, 83, 64), (162, 122, 102), (21, 13, 8), (65, 45, 34)]
IMG_1219,[42, 159, 170, 170, 170],[(135, 135, 140), (4, 4, 8), (69, 69, 68), (21, 22, 25), (199, 199, 200)]
IMG_1521,[0, 1, 8, 28, 42],[(253, 253, 252), (157, 60, 58), (199, 186, 160), (195, 84, 80), (64, 47, 43)]
IMG_1258,[127, 127, 152, 170, 170],[(46, 47, 47), (212, 212, 215), (91, 92, 92), (11, 11, 12), (154, 156, 159)]
IMG_1532,[0, 11, 16, 138, 143],[(12, 7, 7), (138, 107, 88), (152, 171, 183), (59, 43, 37), (225, 237, 241)]
IMG_1599,[24, 161, 176, 240, 246],[(130, 96, 108), (229, 144, 23), (191, 186, 187), (42, 40, 53), (11, 12, 16)]
IMG_1337,[8, 24, 31, 212],[(233, 222, 191), (178, 170, 168), (79, 76, 72), (21, 20, 21)]
IMG_1576,[24, 26, 30, 42, 191],[(128, 111, 84), (73, 63, 50), (225, 225, 212), (21, 19, 23), (176, 163, 131)]
IMG_0001,[0, 154],[(254, 254, 254), (67, 80, 102)]
IMG_1126,[5, 9, 12, 85, 212],[(214, 215, 214), (73, 60, 58), (22, 21, 22), (183, 156, 145), (130, 105, 98)]
IMG_1297,[1, 147, 155, 155, 220],[(66, 135, 194), (69, 84, 113), (43, 32, 41), (170, 102, 99), (192, 200, 215)]
IMG_1628,[0, 0, 1, 9, 157],[(30, 55, 117), (87, 61, 54), (222, 214, 214), (36, 27, 27), (142, 111, 110)]
IMG_1278,[27, 28, 148, 162, 170],[(170, 155, 127), (25, 25, 31), (234, 229, 219), (77, 80, 93), (9, 112, 213)]
IMG_1690,[47, 47, 55, 90, 132],[(117, 146, 121), (25, 39, 41), (189, 202, 158), (250, 251, 242), (224, 228, 194)]
IMG_1556,[21, 21, 28, 28, 28],[(63, 58, 48), (215, 204, 181), (144, 126, 107), (32, 27, 22), (95, 86, 68)]
IMG_1106,[59, 78, 92, 152, 170],[(75, 90, 53), (161, 165, 171), (27, 43, 24), (123, 135, 125), (194, 194, 206)]
IMG_1686,[12, 40, 64, 96, 123],[(79, 42, 26), (224, 220, 137), (103, 144, 114), (78, 90, 67), (32, 42, 41)]
IMG_1669,[154, 164, 170, 191, 202],[(210, 215, 224), (131, 133, 148), (82, 72, 85), (0, 0, 1), (32, 30, 34)]
IMG_1239,[18, 19, 22, 23, 152],[(134, 111, 86), (42, 30, 21), (211, 216, 223), (166, 159, 153), (92, 73, 49)]
IMG_1110,[151, 156, 159, 166, 170],[(87, 106, 145), (33, 34, 46), (11, 11, 18), (60, 67, 89), (121, 150, 189)]
IMG_1540,[0, 6, 26, 30, 170],[(44, 39, 31), (232, 232, 233), (22, 20, 15), (153, 151, 151), (88, 82, 81)]
IMG_1281,[17, 29, 37, 63, 120],[(80, 73, 57), (202, 208, 207), (28, 30, 26), (152, 98, 62), (156, 152, 123)]
IMG_1517,[130, 232, 233, 236, 244],[(141, 203, 208), (240, 113, 144), (4, 2, 3), (166, 105, 137), (76, 55, 64)]
IMG_1215,[164, 166, 167, 168, 180],[(233, 234, 245), (12, 13, 27), (200, 202, 215), (155, 152, 164), (27, 30, 104)]
IMG_1645,[3, 12, 25, 161, 225],[(117, 139, 225), (201, 87, 40), (171, 162, 149), (80, 45, 42), (135, 84, 119)]
IMG_1583,[250, 250, 252, 252, 252],[(21, 11, 12), (162, 67, 73), (177, 140, 144), (114, 39, 43), (73, 21, 24)]
IMG_1612,[0, 0, 0, 42, 63],[(2, 2, 2), (44, 44, 44), (22, 22, 22), (76, 76, 74), (164, 166, 162)]
IMG_1242,[11, 14, 149, 150, 201],[(183, 212, 243), (117, 95, 87), (160, 134, 121), (139, 181, 232), (55, 52, 56)]
IMG_1604,[30, 48, 50, 52, 53],[(100, 107, 78), (214, 216, 208), (158, 164, 119), (25, 23, 18), (59, 62, 47)]
IMG_1653,[6, 9, 14, 17, 22],[(9, 3, 2), (26, 15, 12), (72, 57, 47), (43, 33, 28), (139, 126, 112)]
IMG_1203,[124, 129, 134, 143, 148],[(24, 44, 45), (78, 88, 98), (49, 61, 68), (137, 151, 154), (9, 25, 24)]
IMG_1595,[31, 38, 43, 54, 58],[(215, 212, 203), (122, 123, 72), (181, 172, 92), (76, 90, 42), (37, 50, 15)]
IMG_1652,[4, 8, 10, 13, 148],[(101, 71, 57), (136, 104, 94), (218, 220, 222), (167, 138, 131), (40, 32, 31)]
IMG_1202,[137, 209, 209, 233, 236],[(169, 122, 173), (248, 148, 198), (121, 207, 233), (13, 6, 9), (97, 66, 99)]
IMG_1255,[14, 15, 17, 19, 156],[(43, 28, 20), (152, 110, 82), (100, 66, 46), (97, 123, 181), (215, 176, 144)]
IMG_1605,[26, 30, 30, 34, 37],[(124, 112, 82), (30, 29, 22), (75, 71, 53), (180, 159, 123), (218, 214, 204)]
IMG_1243,[12, 19, 26, 31, 146],[(51, 112, 162), (44, 28, 21), (205, 178, 134), (219, 218, 215), (163, 115, 75)]
IMG_1214,[19, 22, 26, 31, 49],[(29, 22, 16), (191, 180, 150), (234, 235, 229), (153, 131, 95), (96, 79, 59)]
IMG_1644,[14, 15, 29, 162, 182],[(28, 21, 17), (127, 66, 36), (72, 68, 82), (167, 174, 206), (191, 158, 87)]
IMG_1280,[10, 12, 14, 147, 244],[(72, 51, 44), (92, 108, 122), (193, 128, 93), (27, 19, 21), (137, 75, 50)]
IMG_1111,[220, 224, 228, 233, 233],[(228, 220, 224), (91, 73, 86), (146, 128, 137), (60, 34, 50), (30, 13, 27)]
IMG_1541,[0, 3, 4, 5, 253],[(139, 106, 101), (36, 23, 22), (76, 52, 49), (215, 191, 192), (6, 1, 1)]
IMG_1687,[5, 191, 198, 240, 251],[(141, 119, 116), (27, 25, 29), (167, 163, 169), (60, 51, 54), (97, 84, 85)]
IMG_1668,[0, 6, 13, 14, 14],[(252, 252, 252), (73, 44, 31), (33, 21, 19), (132, 83, 57), (219, 134, 89)]
IMG_1238,[0, 7, 7, 148, 152],[(182, 177, 176), (84, 98, 118), (40, 31, 29), (70, 128, 184), (245, 245, 245)]
IMG_1557,[9, 18, 19, 178, 252],[(69, 51, 52), (228, 214, 202), (119, 92, 84), (172, 149, 131), (26, 24, 34)]
IMG_1107,[1, 6, 13, 196, 233],[(55, 41, 48), (112, 73, 72), (232, 206, 194), (21, 16, 24), (173, 127, 119)]
IMG_1691,[42, 152, 157, 242, 253],[(57, 50, 52), (7, 7, 6), (219, 228, 241), (162, 173, 198), (135, 107, 108)]
IMG_1500,[0, 156, 205, 205, 230],[(78, 66, 73), (31, 26, 32), (157, 152, 158), (38, 46, 63), (131, 111, 111)]
IMG_1296,[139, 145, 150, 153, 163],[(149, 159, 163), (42, 57, 74), (84, 100, 112), (3, 4, 10), (17, 26, 40)]
IMG_1629,[0, 9, 13, 19, 237],[(134, 102, 93), (192, 155, 137), (241, 229, 219), (78, 52, 52), (27, 15, 20)]
IMG_1279,[15, 18, 37, 42, 121],[(215, 207, 150), (243, 243, 238), (84, 59, 44), (156, 120, 92), (53, 144, 131)]
IMG_1598,[155, 235, 242, 244, 246],[(24, 14, 17), (224, 149, 168), (80, 40, 48), (96, 141, 230), (123, 82, 101)]
IMG_1577,[14, 77, 141, 142, 153],[(58, 117, 150), (220, 230, 235), (172, 161, 155), (65, 70, 64), (9, 11, 14)]
IMG_1127,[13, 23, 24, 24, 184],[(199, 181, 157), (128, 98, 61), (162, 136, 100), (24, 16, 39), (81, 59, 49)]
IMG_1609,[0, 15, 20, 22, 170],[(67, 67, 70), (56, 45, 35), (116, 72, 48), (19, 19, 19), (149, 136, 121)]
IMG_1259,[42, 42, 42, 56, 56],[(18, 18, 16), (131, 131, 128), (181, 182, 179), (85, 86, 83), (47, 47, 45)]
IMG_1520,[15, 21, 24, 122, 136],[(169, 109, 73), (95, 113, 111), (130, 163, 172), (78, 72, 64), (230, 213, 196)]
IMG_1536,[13, 15, 15, 24, 49],[(56, 50, 42), (107, 78, 62), (28, 29, 23), (201, 171, 154), (152, 113, 94)]
IMG_1648,[0, 3, 4, 7, 14],[(87, 55, 55), (242, 220, 218), (131, 105, 102), (23, 13, 11), (206, 158, 134)]
IMG_1218,[161, 170, 170, 180, 191],[(113, 114, 118), (15, 13, 21), (164, 163, 165), (0, 0, 1), (61, 61, 72)]
IMG_1131,[0, 127, 141, 144, 160],[(10, 13, 15), (186, 193, 193), (116, 122, 125), (76, 73, 73), (32, 37, 54)]
IMG_1561,[4, 10, 16, 19, 20],[(144, 118, 93), (93, 65, 47), (21, 12, 11), (65, 38, 29), (121, 92, 67)]
IMG_1633,[0, 8, 21, 28],[(193, 177, 145), (86, 59, 52), (2, 1, 1), (84, 81, 78)]
IMG_1263,[151, 152, 155, 155, 155],[(157, 164, 174), (235, 238, 242), (61, 65, 73), (25, 27, 31), (107, 113, 124)]
IMG_1234,[134, 138, 147, 148, 148],[(206, 220, 234), (192, 211, 230), (31, 34, 35), (77, 110, 116), (215, 229, 242)]
IMG_1664,[27, 34, 44, 57, 127],[(190, 194, 183), (14, 13, 9), (73, 68, 59), (144, 145, 125), (247, 248, 248)]
IMG_1672,[1, 21, 25, 25, 154],[(121, 126, 135), (193, 177, 161), (48, 38, 23), (103, 87, 64), (211, 65, 60)]
IMG_1222,[8, 153, 159, 161, 170],[(48, 53, 74), (63, 111, 188), (114, 93, 88), (20, 21, 24), (148, 148, 149)]
IMG_1275,[14, 25, 25, 25, 32],[(161, 134, 94), (18, 12, 9), (57, 46, 30), (212, 199, 154), (99, 83, 59)]
IMG_1266,[155, 156, 156, 180, 201],[(195, 206, 230), (80, 77, 81), (204, 215, 237), (23, 22, 26), (184, 195, 219)]
IMG_1291,[12, 31, 93, 146, 146],[(23, 28, 24), (124, 119, 117), (67, 66, 63), (239, 244, 248), (172, 190, 205)]
IMG_1396,[12, 17, 226, 242, 244],[(105, 91, 85), (149, 133, 122), (193, 189, 190), (58, 51, 53), (23, 20, 22)]
IMG_1382,[8, 10, 14, 15, 16],[(149, 114, 96), (215, 192, 177), (32, 15, 11), (89, 66, 58), (105, 48, 16)]
IMG_1369,[116, 131, 140, 151, 242],[(127, 139, 144), (33, 26, 28), (37, 69, 72), (87, 95, 93), (182, 185, 189)]
IMG_1507,[5, 6, 7, 9, 212],[(231, 226, 225), (28, 22, 21), (180, 175, 180), (88, 67, 64), (140, 117, 110)]
IMG_1355,[0, 11, 16, 249, 251],[(84, 68, 62), (131, 104, 106), (49, 34, 36), (12, 8, 8), (176, 161, 151)]
IMG_1341,[0, 24, 25, 29, 39],[(40, 34, 20), (247, 245, 214), (157, 128, 90), (0, 0, 0), (88, 67, 36)]
IMG_1696,[36, 36, 42, 85, 99],[(193, 193, 187), (86, 94, 86), (54, 66, 58), (132, 129, 112), (177, 170, 129)]
IMG_1229,[35, 42, 85, 127, 132],[(97, 105, 106), (232, 231, 226), (192, 198, 198), (40, 40, 36), (152, 155, 152)]
IMG_1679,[23, 28, 31, 37, 45],[(251, 228, 69), (52, 35, 14), (236, 177, 13), (194, 199, 135), (102, 90, 66)]
IMG_1550,[25, 29, 31, 35, 36],[(21, 17, 11), (181, 170, 113), (115, 103, 67), (63, 54, 34), (240, 238, 225)]
IMG_1100,[7, 15, 217, 244, 247],[(164, 135, 129), (87, 79, 86), (217, 43, 73), (39, 27, 30), (216, 207, 202)]
IMG_1680,[113, 115, 123, 123, 127],[(160, 170, 169), (14, 15, 15), (96, 106, 105), (37, 40, 39), (64, 71, 69)]
IMG_1116,[0, 10, 11, 12, 12],[(53, 27, 16), (7, 3, 3), (133, 101, 90), (81, 58, 48), (27, 13, 8)]
IMG_1546,[0, 6, 11, 13, 15],[(146, 132, 127), (20, 19, 19), (222, 216, 215), (52, 47, 44), (98, 87, 82)]
IMG_1287,[0, 74, 138, 148, 212],[(45, 44, 45), (67, 71, 75), (24, 21, 21), (107, 110, 106), (175, 184, 187)]
IMG_1268,[0, 13, 13, 14, 180],[(6, 4, 4), (198, 197, 201), (76, 56, 47), (42, 29, 23), (112, 94, 85)]
IMG_1638,[0, 23, 54, 85, 85],[(126, 128, 121), (253, 254, 253), (75, 70, 64), (165, 170, 165), (22, 22, 22)]
IMG_1511,[0, 20, 160, 185, 212],[(214, 212, 214), (15, 38, 123), (147, 129, 113), (78, 69, 69), (25, 22, 30)]
IMG_1213,[12, 19, 28, 170, 170],[(19, 19, 25), (49, 49, 58), (133, 106, 95), (219, 193, 141), (223, 215, 208)]
IMG_1643,[13, 34, 131, 149, 245],[(35, 62, 90), (140, 59, 21), (156, 192, 196), (197, 164, 23), (192, 103, 123)]
IMG_1585,[22, 171, 212, 224, 244],[(32, 25, 30), (65, 52, 65), (178, 165, 150), (112, 96, 100), (21, 15, 208)]
IMG_1614,[139, 140, 155, 157, 244],[(16, 77, 101), (6, 8, 13), (153, 162, 179), (71, 67, 68), (35, 121, 158)]
IMG_1244,[12, 21, 161, 185, 248],[(43, 39, 50), (220, 208, 203), (122, 109, 111), (217, 174, 130), (171, 176, 196)]
IMG_1252,[6, 20, 21, 148, 178],[(204, 222, 240), (33, 32, 37), (67, 61, 60), (156, 146, 136), (124, 105, 87)]
IMG_1602,[14, 14, 22, 22, 235],[(214, 198, 190), (128, 120, 111), (178, 165, 150), (36, 25, 30), (83, 73, 68)]
IMG_1340,[0, 0, 0, 0, 0],[(54, 54, 54), (138, 138, 138), (184, 184, 184), (97, 97, 97), (13, 13, 13)]
IMG_1205,[0, 1, 2, 10, 15],[(84, 66, 60), (12, 8, 8), (178, 160, 150), (135, 102, 101), (52, 33, 32)]
IMG_1354,[67, 85, 93, 166, 195],[(64, 69, 65), (114, 121, 114), (161, 163, 188), (34, 31, 36), (88, 98, 81)]
IMG_1368,[7, 14, 20, 21, 212],[(153, 141, 130), (98, 88, 83), (24, 22, 24), (215, 210, 205), (60, 51, 49)]
IMG_1383,[26, 34, 42, 47, 54],[(55, 55, 44), (140, 142, 135), (204, 199, 191), (96, 97, 88), (13, 12, 8)]
IMG_1593,[0, 10, 14],[(254, 253, 253), (44, 42, 41), (156, 147, 144)]
IMG_1397,[0, 22, 36, 248, 253],[(218, 175, 182), (158, 70, 74), (56, 48, 39), (121, 115, 77), (183, 127, 127)]
IMG_1381,[0, 12, 12, 23, 38],[(13, 2, 2), (158, 117, 99), (55, 52, 21), (240, 215, 205), (98, 76, 50)]
IMG_1395,[13, 26, 26, 28, 30],[(24, 22, 18), (159, 139, 107), (111, 91, 59), (57, 52, 39), (203, 194, 190)]
IMG_1418,[3, 11, 15, 15, 16],[(113, 87, 71), (220, 206, 198), (73, 48, 39), (153, 132, 120), (29, 16, 15)]
IMG_1342,[0, 14, 15, 21, 145],[(92, 78, 71), (222, 206, 190), (42, 35, 35), (131, 178, 213), (164, 133, 115)]
IMG_1272,[0, 21, 25, 27, 28],[(32, 31, 31), (170, 165, 155), (68, 67, 66), (114, 110, 103), (146, 140, 131)]
IMG_1356,[8, 23, 26, 30, 33],[(87, 81, 66), (226, 222, 221), (133, 122, 103), (38, 36, 29), (178, 159, 136)]
IMG_1675,[14, 15, 16, 18, 24],[(175, 165, 152), (215, 210, 207), (45, 36, 30), (130, 121, 114), (98, 77, 66)]
IMG_1225,[14, 25, 26, 27, 170],[(114, 99, 74), (62, 55, 42), (4, 4, 6), (178, 158, 129), (26, 24, 23)]
IMG_1663,[135, 143, 145, 146, 148],[(79, 87, 92), (49, 55, 60), (19, 32, 35), (128, 132, 135), (4, 6, 8)]
IMG_1634,[0, 21, 22, 31, 42],[(70, 67, 58), (38, 31, 24), (177, 177, 167), (119, 108, 96), (6, 5, 5)]
IMG_1136,[0, 0, 14, 14, 212],[(40, 38, 37), (185, 183, 185), (79, 77, 76), (111, 108, 108), (145, 143, 143)]
IMG_1566,[17, 20, 22, 22, 23],[(125, 98, 63), (223, 169, 107), (55, 34, 20), (238, 204, 165), (184, 130, 79)]
IMG_1531,[31, 33, 37, 85, 85],[(162, 156, 138), (32, 37, 32), (135, 130, 112), (96, 94, 79), (221, 222, 221)]
IMG_1248,[13, 15, 16, 17, 20],[(178, 134, 110), (229, 200, 173), (149, 94, 60), (84, 46, 28), (204, 164, 135)]
IMG_1618,[9, 11, 13, 28, 240],[(96, 62, 50), (23, 14, 17), (180, 179, 177), (161, 104, 78), (56, 35, 29)]
IMG_1527,[24, 42, 148, 148, 233],[(219, 219, 217), (180, 182, 184), (88, 86, 87), (136, 192, 249), (150, 147, 143)]
IMG_1357,[0, 20, 85, 106, 191],[(249, 249, 249), (24, 23, 25), (104, 94, 85), (163, 167, 163), (220, 224, 222)]
IMG_1343,[27, 30, 33, 58, 149],[(230, 233, 225), (74, 142, 214), (177, 158, 112), (43, 38, 29), (104, 98, 77)]
IMG_1120,[7, 12, 13, 14, 16],[(132, 88, 68), (86, 56, 44), (191, 136, 102), (234, 206, 191), (41, 27, 24)]
IMG_1394,[0, 0, 0, 0, 0],[(110, 110, 110), (235, 235, 235), (58, 58, 58), (17, 17, 17), (164, 164, 164)]
IMG_1209,[14, 24, 127, 145, 148],[(232, 236, 239), (120, 121, 122), (184, 188, 188), (28, 26, 25), (80, 75, 68)]
IMG_1380,[116, 118, 124, 142, 148],[(83, 94, 100), (179, 188, 186), (231, 235, 234), (129, 143, 142), (44, 49, 54)]
IMG_1659,[8, 14, 17, 212, 245],[(177, 150, 136), (57, 40, 44), (223, 212, 204), (120, 92, 85), (14, 7, 14)]
IMG_1384,[4, 9, 9, 36, 245],[(48, 39, 41), (137, 114, 107), (24, 17, 15), (181, 179, 166), (97, 66, 62)]
IMG_1390,[21, 24, 26, 26, 212],[(152, 146, 136), (29, 28, 29), (56, 50, 44), (77, 72, 65), (102, 99, 94)]
IMG_1208,[6, 9, 9, 16, 22],[(72, 33, 22), (215, 188, 158), (169, 121, 92), (33, 10, 6), (134, 62, 41)]
IMG_1658,[10, 18, 19, 182, 252],[(124, 100, 92), (183, 161, 143), (25, 22, 32), (234, 222, 213), (70, 53, 54)]
IMG_1421,[22, 26, 27, 29, 35],[(49, 39, 28), (246, 241, 214), (135, 116, 85), (213, 199, 174), (229, 219, 196)]
IMG_1347,[14, 16, 22, 24, 25],[(68, 37, 21), (192, 180, 167), (166, 142, 107), (108, 55, 22), (117, 100, 76)]
IMG_1353,[4, 7, 8, 10, 250],[(134, 103, 106), (17, 11, 9), (97, 67, 59), (190, 164, 158), (67, 35, 31)]
IMG_1571,[0, 6, 6, 226, 244],[(64, 46, 43), (100, 89, 87), (166, 157, 163), (251, 250, 250), (15, 11, 12)]
IMG_1409,[12, 17, 23, 28, 206],[(30, 25, 15), (171, 144, 125), (111, 90, 81), (203, 197, 204), (72, 58, 41)]
IMG_1121,[25, 145, 208, 233, 248],[(118, 108, 119), (59, 39, 42), (227, 212, 190), (162, 169, 174), (95, 83, 89)]
IMG_1526,[17, 170, 187, 191, 194],[(223, 223, 226), (182, 178, 185), (14, 12, 17), (112, 107, 117), (147, 101, 68)]
IMG_1249,[4, 18, 21, 24, 134],[(214, 163, 113), (37, 19, 17), (235, 204, 162), (147, 99, 63), (90, 185, 204)]
IMG_1619,[0, 177, 204, 226, 246],[(98, 89, 100), (85, 6, 5), (41, 39, 50), (172, 157, 160), (14, 11, 13)]
IMG_1530,[10, 18, 25, 162, 233],[(32, 30, 27), (120, 114, 112), (96, 94, 95), (69, 64, 60), (184, 186, 196)]
IMG_1596,[6, 12, 13, 15, 22],[(30, 24, 23), (210, 204, 197), (93, 62, 48), (57, 40, 33), (150, 126, 112)]
IMG_1555,[4, 22, 23, 29, 154],[(138, 104, 66), (178, 146, 106), (95, 118, 158), (56, 48, 47), (223, 207, 172)]
IMG_1233,[0, 42, 127, 132, 141],[(63, 142, 153), (240, 240, 239), (249, 249, 249), (41, 42, 42), (225, 227, 228)]
IMG_1588,[10, 68, 70, 145, 170],[(183, 191, 197), (66, 74, 61), (17, 23, 14), (252, 252, 253), (145, 119, 110)]
IMG_1567,[20, 21, 33, 35, 38],[(60, 43, 27), (248, 244, 225), (160, 159, 150), (118, 95, 71), (204, 201, 189)]
IMG_1635,[14, 15, 19, 22, 32],[(106, 76, 59), (187, 146, 112), (242, 205, 164), (35, 25, 20), (252, 247, 230)]
IMG_1232,[0, 155, 159, 160, 236],[(248, 248, 248), (51, 44, 47), (225, 227, 231), (167, 172, 189), (191, 196, 211)]
IMG_1662,[206, 233, 240, 242, 252],[(173, 167, 170), (23, 17, 24), (137, 119, 125), (72, 58, 62), (110, 90, 91)]
IMG_1221,[23, 26, 27, 31, 33],[(91, 80, 61), (170, 158, 135), (150, 119, 81), (223, 217, 195), (39, 36, 27)]
IMG_1674,[49, 100, 147, 148, 184],[(77, 103, 129), (121, 133, 144), (176, 180, 154), (49, 48, 51), (148, 159, 152)]
IMG_1224,[12, 148, 148, 151, 155],[(150, 134, 127), (31, 35, 40), (73, 74, 75), (7, 8, 10), (15, 18, 21)]
IMG_1408,[0, 149, 150, 154, 154],[(171, 142, 142), (67, 80, 102), (25, 30, 39), (106, 139, 175), (174, 203, 238)]
IMG_1352,[0, 13, 212, 236],[(34, 30, 34), (254, 254, 254), (108, 99, 95), (209, 202, 205)]
IMG_1273,[17, 21, 34, 38, 39],[(33, 20, 11), (207, 205, 182), (127, 120, 91), (152, 150, 130), (88, 67, 46)]
IMG_1346,[0, 3, 4, 28, 250],[(225, 214, 213), (191, 181, 182), (31, 30, 28), (150, 140, 140), (85, 77, 76)]
IMG_1623,[4, 49, 69, 82, 115],[(16, 23, 21), (96, 108, 89), (55, 69, 54), (229, 220, 219), (153, 155, 143)]
IMG_1391,[24, 32, 63, 65, 132],[(129, 101, 62), (43, 50, 37), (170, 164, 145), (8, 10, 6), (59, 82, 85)]
IMG_1385,[4, 6, 12, 22, 28],[(11, 9, 5), (203, 188, 171), (92, 60, 56), (144, 116, 111), (47, 26, 17)]
IMG_1393,[1, 11, 17, 176, 248],[(33, 28, 59), (106, 78, 68), (97, 34, 32), (33, 13, 16), (167, 126, 97)]
IMG_1592,[0, 0, 0, 0, 0],[(43, 43, 43), (183, 183, 183), (137, 137, 137), (89, 89, 89), (224, 224, 224)]
IMG_1387,[127, 134, 139, 140, 145],[(104, 117, 122), (154, 168, 171), (202, 208, 208), (27, 35, 41), (56, 76, 85)]
IMG_1654,[34, 35, 85, 138, 221],[(27, 30, 27), (162, 148, 159), (15, 18, 19), (75, 71, 52), (44, 42, 33)]
IMG_1204,[3, 7, 9, 11, 42],[(97, 83, 79), (65, 51, 48), (26, 26, 25), (185, 172, 171), (153, 128, 119)]
IMG_1350,[14, 184, 191, 238, 243],[(125, 114, 117), (174, 170, 168), (222, 221, 224), (21, 20, 22), (71, 66, 68)]
IMG_1344,[21, 35, 42, 46, 140],[(29, 27, 25), (204, 205, 193), (151, 187, 203), (83, 82, 77), (140, 140, 129)]
IMG_1378,[39, 133, 160, 170, 174],[(63, 62, 71), (170, 169, 157), (109, 112, 123), (213, 219, 220), (27, 27, 31)]
IMG_1253,[21, 23, 24, 37, 99],[(37, 36, 29), (77, 64, 47), (151, 125, 98), (8, 11, 9), (112, 92, 68)]
IMG_1245,[14, 16, 17, 20, 26],[(84, 63, 50), (165, 154, 136), (137, 105, 75), (119, 85, 62), (40, 27, 20)]
IMG_1300,[92, 111, 120, 124, 129],[(42, 55, 53), (210, 240, 229), (136, 180, 177), (9, 15, 10), (84, 119, 121)]
IMG_1584,[77, 85, 113, 149, 152],[(28, 29, 28), (61, 70, 67), (44, 49, 43), (150, 161, 176), (88, 103, 119)]
IMG_1212,[14, 18, 27, 30, 46],[(29, 24, 20), (75, 68, 55), (130, 131, 121), (46, 43, 35), (12, 10, 9)]
IMG_1642,[8, 17, 38, 189, 212],[(110, 77, 69), (43, 36, 31), (159, 129, 159), (195, 190, 201), (182, 168, 20)]
IMG_1578,[0, 3, 4, 201, 246],[(91, 81, 80), (148, 132, 130), (229, 224, 225), (193, 181, 181), (43, 40, 44)]
IMG_1231,[147, 148, 150, 150, 151],[(129, 171, 220), (98, 136, 181), (216, 230, 242), (45, 59, 77), (184, 215, 246)]
IMG_1286,[21, 33, 42, 44, 54],[(44, 35, 26), (104, 118, 68), (253, 253, 252), (178, 168, 132), (225, 227, 192)]
IMG_1269,[14, 24, 32, 141, 142],[(247, 242, 225), (202, 189, 182), (19, 26, 30), (126, 123, 119), (59, 65, 68)]
IMG_1639,[15, 21, 24, 25, 28],[(24, 19, 16), (70, 56, 36), (136, 113, 90), (201, 198, 192), (183, 165, 138)]
IMG_1117,[0, 10, 144, 149, 197],[(17, 52, 90), (87, 42, 42), (18, 11, 22), (146, 110, 98), (18, 103, 158)]
IMG_1547,[0, 0, 21, 147, 156],[(192, 187, 187), (156, 148, 148), (227, 234, 240), (46, 52, 65), (111, 109, 107)]
IMG_1681,[0, 53, 212, 231, 247],[(236, 237, 233), (168, 165, 168), (122, 112, 112), (31, 22, 27), (76, 65, 67)]
IMG_1551,[180, 225, 231, 232, 238],[(107, 91, 102), (70, 52, 59), (222, 221, 225), (31, 18, 25), (159, 141, 151)]
IMG_1101,[12, 13, 22, 34, 77],[(123, 69, 45), (196, 170, 141), (30, 28, 20), (50, 59, 48), (152, 95, 72)]
IMG_1697,[0, 24, 106, 133, 143],[(177, 161, 140), (102, 95, 95), (31, 37, 38), (7, 12, 15), (59, 61, 60)]
IMG_1228,[0, 21, 25, 157, 161],[(230, 232, 237), (107, 86, 64), (162, 134, 91), (183, 184, 188), (28, 21, 21)]
IMG_1678,[14, 14, 19, 21, 27],[(201, 188, 165), (53, 33, 23), (106, 70, 51), (160, 134, 108), (132, 103, 78)]
IMG_1379,[0, 11, 13, 28, 35],[(155, 148, 133), (219, 218, 213), (78, 61, 55), (152, 73, 37), (27, 24, 24)]
IMG_1345,[233, 233, 240, 243, 248],[(26, 23, 24), (74, 63, 66), (125, 105, 108), (229, 227, 228), (165, 155, 160)]
IMG_1351,[18, 19, 138, 159, 184],[(176, 164, 154), (223, 222, 225), (104, 189, 219), (29, 30, 33), (106, 97, 90)]
IMG_1290,[5, 11, 14, 15, 144],[(32, 15, 9), (54, 35, 24), (180, 194, 203), (80, 65, 57), (11, 4, 3)]
IMG_1386,[7, 10, 238, 248, 249],[(146, 131, 133), (34, 29, 31), (103, 88, 85), (72, 59, 55), (121, 108, 110)]
IMG_1392,[8, 9, 16, 127, 127],[(182, 71, 37), (85, 93, 93), (221, 224, 224), (42, 38, 37), (166, 152, 143)]
IMG_1591,[15, 17, 17, 19, 149],[(169, 136, 113), (117, 88, 68), (222, 200, 181), (42, 31, 25), (137, 169, 202)]
IMG_1348,[25, 150, 159, 201, 250],[(45, 52, 73), (17, 14, 18), (51, 100, 158), (104, 87, 89), (233, 192, 130)]
IMG_1374,[0, 63, 78, 85, 95],[(213, 216, 213), (243, 243, 243), (34, 38, 35), (177, 181, 173), (104, 110, 103)]
IMG_1412,[158, 197, 203, 209, 211],[(73, 96, 158), (231, 150, 233), (30, 22, 32), (233, 220, 240), (225, 102, 235)]
IMG_1657,[0, 7, 8, 10, 11],[(12, 10, 10), (52, 34, 28), (84, 65, 58), (184, 164, 160), (131, 103, 96)]
IMG_1406,[0, 34, 42, 170, 212],[(103, 102, 103), (27, 27, 25), (179, 178, 174), (1, 1, 1), (61, 61, 64)]
IMG_1207,[33, 136, 140, 238, 246],[(122, 120, 113), (69, 59, 61), (82, 170, 207), (35, 30, 32), (191, 210, 215)]
IMG_1360,[10, 12, 15, 237, 251],[(145, 41, 9), (113, 77, 92), (176, 143, 125), (80, 57, 47), (35, 12, 14)]
IMG_1529,[124, 136, 153, 186, 245],[(64, 89, 130), (187, 65, 92), (126, 164, 174), (203, 217, 216), (34, 19, 57)]
IMG_1250,[17, 24, 25, 145, 150],[(2, 66, 142), (47, 31, 20), (198, 153, 88), (38, 129, 196), (143, 104, 50)]
IMG_1600,[0, 143, 191, 216, 235],[(168, 195, 212), (78, 56, 66), (29, 22, 36), (198, 129, 128), (116, 96, 114)]
IMG_1616,[155, 156, 170, 191, 195],[(47, 47, 55), (71, 77, 89), (30, 27, 32), (115, 120, 131), (19, 17, 21)]
IMG_1246,[26, 31, 43, 43, 44],[(220, 221, 193), (84, 85, 55), (157, 158, 106), (34, 29, 15), (158, 110, 31)]
IMG_1568,[0, 7, 106, 127, 246],[(19, 14, 13), (250, 251, 251), (171, 173, 172), (59, 54, 55), (109, 107, 107)]
IMG_1587,[17, 18, 19, 19, 31],[(82, 68, 57), (201, 180, 163), (165, 137, 118), (124, 102, 83), (41, 40, 37)]
IMG_1211,[15, 21, 22, 31, 248],[(116, 74, 49), (124, 119, 114), (191, 175, 157), (32, 25, 26), (247, 240, 220)]
IMG_1641,[19, 42, 44, 164, 176],[(170, 148, 129), (28, 28, 25), (93, 106, 201), (128, 119, 180), (72, 73, 55)]
IMG_1594,[50, 66, 188, 223, 253],[(134, 19, 24), (26, 23, 30), (119, 122, 105), (191, 187, 190), (75, 83, 69)]
IMG_1513,[0, 14, 21, 21, 21],[(151, 147, 143), (46, 42, 40), (217, 216, 215), (8, 5, 5), (94, 90, 86)]
IMG_1285,[10, 11, 14, 17, 18],[(197, 190, 185), (135, 121, 110), (24, 18, 16), (49, 38, 34), (88, 69, 59)]
IMG_1114,[14, 14, 15, 21, 22],[(102, 89, 82), (181, 148, 110), (230, 225, 220), (209, 201, 197), (49, 40, 35)]
IMG_1544,[14, 42, 50, 148, 152],[(87, 87, 86), (133, 127, 124), (153, 161, 172), (195, 199, 203), (41, 42, 37)]
IMG_1682,[0, 4, 9, 15, 250],[(131, 110, 104), (217, 208, 207), (76, 58, 60), (176, 155, 143), (4, 3, 3)]
IMG_1552,[8, 20, 20, 21, 155],[(80, 64, 49), (186, 147, 107), (134, 103, 75), (190, 175, 171), (24, 25, 27)]
IMG_1102,[3, 17, 18, 69, 95],[(116, 107, 100), (164, 168, 165), (20, 10, 9), (223, 230, 219), (71, 58, 49)]
IMG_1694,[21, 31, 34, 36, 37],[(116, 107, 81), (75, 73, 59), (157, 150, 118), (196, 191, 161), (23, 22, 21)]
IMG_1407,[3, 18, 18, 67, 95],[(224, 231, 219), (21, 10, 9), (164, 168, 165), (73, 60, 50), (117, 108, 101)]
IMG_1361,[0, 21, 23, 47, 85],[(163, 154, 145), (100, 89, 76), (41, 42, 34), (12, 15, 12), (215, 213, 213)]
IMG_1375,[0, 180, 184, 191, 251],[(45, 39, 57), (202, 190, 191), (146, 130, 130), (12, 10, 18), (82, 71, 93)]
IMG_1413,[28, 31, 32, 51, 55],[(40, 45, 29), (221, 214, 200), (86, 92, 65), (151, 145, 126), (188, 182, 165)]
IMG_1349,[14, 15, 191, 223, 242],[(125, 121, 124), (2, 1, 3), (185, 178, 180), (81, 76, 73), (39, 31, 27)]
IMG_1505,[85, 85, 85, 162, 170],[(251, 252, 251), (26, 27, 32), (121, 124, 121), (61, 61, 65), (167, 171, 167)]
IMG_1293,[3, 7, 15, 21, 31],[(119, 70, 41), (77, 47, 41), (166, 117, 68), (209, 198, 167), (39, 29, 28)]
IMG_1388,[4, 229, 242, 243, 245],[(65, 43, 48), (97, 75, 81), (211, 187, 184), (27, 17, 23), (132, 104, 112)]
IMG_1572,[24, 25, 27, 30, 233],[(123, 110, 91), (169, 154, 134), (69, 65, 58), (23, 21, 22), (215, 209, 194)]
IMG_1122,[7, 24, 24, 31, 63],[(144, 135, 123), (41, 42, 40), (217, 212, 205), (177, 174, 165), (131, 81, 70)]
IMG_1363,[19, 22, 22, 24, 42],[(109, 86, 59), (209, 209, 203), (144, 116, 83), (49, 38, 29), (170, 147, 117)]
IMG_1405,[17, 17, 56, 156, 170],[(200, 207, 222), (65, 62, 60), (97, 94, 92), (127, 127, 143), (28, 30, 24)]
IMG_1411,[0, 11, 11, 12, 25],[(37, 30, 30), (103, 93, 89), (137, 126, 122), (76, 68, 65), (248, 239, 226)]
IMG_1377,[85, 191, 212, 212, 212],[(32, 31, 32), (205, 207, 205), (5, 4, 5), (72, 71, 73), (126, 124, 126)]
IMG_1525,[2, 21, 27, 35, 49],[(70, 33, 31), (199, 201, 188), (142, 131, 110), (165, 163, 152), (109, 91, 72)]
IMG_1533,[7, 15, 148, 151, 160],[(40, 26, 23), (160, 162, 169), (218, 222, 227), (151, 117, 97), (86, 87, 88)]
IMG_1134,[0, 0, 1, 13, 18],[(234, 211, 194), (111, 77, 76), (194, 126, 95), (254, 254, 254), (82, 42, 42)]
IMG_1636,[140, 154, 154, 160, 166],[(212, 224, 244), (39, 91, 185), (72, 190, 242), (7, 11, 53), (21, 44, 120)]
IMG_1289,[5, 173, 191, 224, 242],[(91, 66, 62), (66, 59, 142), (188, 180, 196), (141, 124, 129), (34, 20, 30)]
IMG_1661,[0, 0, 5, 230, 247],[(220, 213, 217), (94, 75, 75), (28, 21, 21), (150, 126, 130), (65, 52, 50)]
IMG_1548,[135, 138, 138, 138, 170],[(106, 109, 110), (178, 182, 183), (222, 225, 226), (145, 148, 149), (42, 42, 44)]
IMG_1118,[0, 163, 200, 239, 240],[(31, 47, 141), (118, 115, 116), (184, 179, 186), (243, 235, 238), (51, 48, 48)]
IMG_1677,[9, 10, 11, 15, 21],[(99, 84, 79), (33, 28, 25), (63, 53, 50), (183, 164, 157), (9, 7, 5)]
IMG_1606,[12, 13, 18, 19, 20],[(213, 202, 197), (179, 117, 65), (139, 127, 122), (91, 80, 70), (38, 33, 29)]
IMG_1227,[94, 100, 134, 139, 147],[(165, 182, 197), (225, 230, 232), (39, 50, 43), (130, 146, 149), (94, 107, 97)]
IMG_1698,[21, 36, 37, 127, 127],[(42, 50, 50), (148, 145, 127), (117, 99, 81), (250, 251, 251), (181, 180, 172)]
IMG_1270,[6, 8, 8, 9, 248],[(225, 192, 182), (106, 74, 66), (25, 18, 19), (177, 127, 114), (59, 43, 40)]
IMG_1410,[85, 85, 85, 161, 170],[(155, 158, 155), (89, 98, 136), (221, 226, 221), (39, 39, 41), (192, 197, 192)]
IMG_1376,[7, 7, 17, 21, 22],[(189, 176, 161), (174, 125, 114), (236, 230, 224), (41, 28, 25), (111, 96, 85)]
IMG_1362,[0, 0, 8, 8, 10],[(104, 75, 75), (9, 5, 4), (61, 34, 25), (31, 16, 12), (175, 145, 145)]
IMG_1404,[0, 0, 0, 0, 0],[(147, 147, 147), (55, 55, 55), (96, 96, 96), (206, 206, 206), (16, 16, 16)]
IMG_1509,[4, 21, 29, 184, 191],[(65, 64, 67), (213, 210, 203), (105, 97, 96), (33, 32, 34), (157, 144, 131)]
IMG_1389,[12, 15, 135, 229, 240],[(100, 91, 94), (222, 184, 162), (157, 135, 126), (217, 229, 232), (55, 50, 53)]
IMG_1508,[27, 28, 148, 160, 170],[(231, 226, 217), (12, 112, 211), (25, 25, 33), (167, 155, 130), (77, 81, 94)]
IMG_1399,[47, 51, 69, 93, 170],[(160, 165, 157), (87, 92, 88), (34, 34, 43), (214, 215, 207), (125, 127, 117)]
IMG_1271,[12, 151, 156, 158, 159],[(220, 215, 213), (108, 120, 136), (45, 49, 61), (18, 22, 31), (76, 81, 94)]
IMG_1366,[0, 30, 31, 31, 153],[(202, 198, 186), (116, 112, 102), (66, 66, 66), (162, 158, 146), (27, 29, 32)]
IMG_1621,[12, 18, 21, 235, 245],[(66, 49, 57), (141, 109, 95), (40, 22, 26), (225, 199, 173), (183, 151, 127)]
IMG_1372,[0, 0, 0, 0, 0],[(163, 163, 163), (63, 63, 63), (108, 108, 108), (209, 209, 209), (26, 26, 26)]
IMG_1414,[9, 12, 20, 30, 233],[(12, 6, 9), (217, 211, 196), (75, 47, 39), (132, 97, 82), (183, 161, 141)]
IMG_1676,[8, 10, 18, 26, 244],[(26, 18, 20), (230, 219, 201), (186, 153, 127), (73, 56, 52), (130, 97, 86)]
IMG_1226,[23, 28, 29, 30, 31],[(41, 32, 21), (212, 200, 176), (104, 96, 74), (144, 136, 116), (70, 62, 43)]
IMG_1699,[17, 19, 23, 25, 32],[(66, 41, 19), (98, 77, 52), (33, 19, 9), (151, 128, 93), (239, 230, 201)]
IMG_1549,[25, 37, 85, 127, 136],[(142, 146, 147), (26, 27, 26), (113, 109, 103), (185, 184, 176), (56, 59, 59)]
IMG_1119,[12, 14, 15, 29, 145],[(128, 84, 65), (175, 163, 156), (63, 106, 139), (223, 219, 210), (41, 39, 38)]
IMG_1230,[3, 147, 149, 152, 155],[(168, 179, 194), (47, 37, 36), (202, 211, 219), (116, 123, 137), (185, 196, 208)]
IMG_1660,[10, 12, 19, 28, 233],[(75, 47, 38), (185, 162, 143), (12, 6, 9), (133, 98, 83), (220, 213, 198)]
IMG_1637,[9, 9, 48, 85, 146],[(71, 49, 43), (89, 98, 105), (184, 205, 65), (118, 66, 51), (204, 209, 204)]
IMG_1288,[6, 23, 24, 38, 205],[(154, 149, 155), (69, 63, 62), (108, 99, 88), (206, 204, 187), (32, 29, 25)]
IMG_1135,[2, 8, 10, 11, 170],[(103, 43, 39), (97, 89, 86), (18, 15, 14), (49, 45, 44), (145, 145, 149)]
IMG_1565,[0, 31, 33, 34],[(201, 186, 141), (0, 0, 0), (80, 77, 66), (143, 137, 112)]
IMG_1524,[0, 6, 7, 14, 15],[(186, 148, 127), (152, 76, 36), (58, 30, 24), (81, 65, 62), (15, 11, 11)]
IMG_1537,[21, 24, 26, 33, 53],[(79, 75, 60), (186, 174, 158), (33, 31, 29), (217, 219, 211), (130, 118, 99)]
IMG_1573,[10, 34, 106, 145, 162],[(65, 62, 61), (102, 103, 108), (51, 100, 136), (145, 147, 146), (197, 195, 186)]
IMG_1123,[0, 6, 203, 247, 253],[(205, 171, 165), (89, 59, 97), (126, 51, 50), (161, 110, 112), (60, 28, 34)]
IMG_1367,[0, 24, 26, 34, 170],[(10, 10, 11), (195, 193, 184), (81, 75, 67), (134, 123, 104), (36, 34, 34)]
IMG_1398,[6, 19, 21, 23, 23],[(132, 120, 118), (166, 134, 94), (219, 184, 142), (36, 31, 26), (101, 84, 70)]
IMG_1292,[145, 161, 165, 203, 222],[(148, 198, 234), (76, 50, 70), (17, 24, 91), (129, 110, 134), (50, 75, 179)]
IMG_1417,[18, 25, 177, 185, 233],[(160, 150, 142), (94, 88, 91), (210, 201, 187), (20, 18, 29), (47, 43, 54)]
IMG_1371,[28, 35, 50, 127, 138],[(120, 121, 116), (227, 223, 215), (180, 178, 168), (20, 23, 24), (67, 71, 71)]
IMG_1365,[13, 21, 21, 127, 149],[(15, 13, 11), (55, 56, 56), (189, 178, 173), (107, 103, 99), (109, 128, 149)]
IMG_1359,[0, 11, 19, 237, 240],[(120, 103, 110), (27, 19, 16), (78, 62, 49), (171, 159, 163), (250, 250, 250)]
IMG_1504,[6, 20, 20, 21, 42],[(208, 191, 175), (151, 123, 118), (26, 24, 22), (67, 67, 62), (241, 231, 222)]
IMG_1695,[154, 156, 157, 159, 164],[(166, 180, 210), (73, 75, 89), (208, 217, 244), (132, 155, 195), (193, 205, 234)]
IMG_1553,[0, 0, 0, 0, 53],[(238, 238, 238), (210, 210, 210), (84, 85, 81), (12, 12, 12), (253, 253, 253)]
IMG_1103,[23, 25, 28, 32, 42],[(137, 133, 125), (44, 40, 35), (86, 80, 71), (217, 217, 215), (180, 177, 167)]
IMG_1683,[14, 16, 17, 21, 147],[(201, 185, 168), (135, 129, 125), (39, 37, 36), (94, 79, 68), (157, 198, 233)]
IMG_1115,[18, 19, 22, 111, 144],[(27, 21, 16), (134, 121, 106), (82, 69, 59), (170, 186, 180), (40, 127, 184)]
IMG_1545,[0, 1, 2, 4],[(42, 34, 33), (254, 254, 254), (195, 175, 174), (132, 89, 87)]
IMG_1284,[0, 0, 9, 21, 148],[(74, 74, 74), (147, 149, 151), (49, 43, 37), (2, 1, 1), (24, 13, 10)]
IMG_1512,[6, 10, 11, 16, 198],[(240, 238, 241), (224, 208, 198), (192, 169, 161), (140, 116, 107), (44, 38, 37)]
IMG_1210,[0, 0, 0, 0, 0],[(22, 22, 22), (128, 128, 128), (193, 193, 193), (81, 81, 81), (47, 47, 47)]
IMG_1569,[0, 3, 3, 18, 132],[(56, 22, 19), (153, 167, 169), (90, 37, 32), (15, 5, 5), (110, 85, 66)]
IMG_1586,[12, 23, 155, 155, 205],[(106, 121, 150), (44, 39, 45), (139, 142, 148), (123, 91, 77), (165, 161, 156)]
IMG_1247,[17, 18, 18, 21, 25],[(147, 84, 36), (206, 188, 160), (184, 141, 95), (42, 27, 16), (126, 99, 78)]
IMG_1251,[0, 33, 33, 42, 145],[(47, 43, 29), (9, 116, 196), (174, 174, 173), (125, 116, 82), (241, 241, 241)]
IMG_1601,[7, 12, 16, 29, 191],[(26, 25, 27), (235, 232, 225), (133, 118, 112), (74, 69, 68), (179, 168, 161)]
IMG_1528,[139, 139, 140, 145, 147],[(9, 67, 94), (227, 234, 239), (14, 27, 39), (131, 149, 156), (67, 98, 110)]
IMG_1358,[28, 39, 162, 212, 253],[(176, 34, 40), (46, 40, 46), (135, 122, 95), (198, 196, 173), (60, 66, 94)]
IMG_1364,[21, 21, 22, 23, 24],[(215, 185, 154), (39, 35, 30), (146, 121, 95), (102, 92, 79), (185, 156, 123)]
IMG_1656,[7, 13, 13, 18, 20],[(111, 60, 36), (198, 170, 144), (151, 113, 84), (23, 9, 6), (62, 33, 20)]
IMG_1416,[0, 93, 102, 127, 151],[(134, 139, 135), (163, 168, 165), (251, 251, 251), (15, 19, 24), (82, 84, 84)]
IMG_1370,[27, 42, 70, 138, 148],[(168, 164, 157), (25, 28, 29), (104, 104, 99), (231, 233, 235), (60, 62, 59)]
IMG_1206,[0, 5, 35, 56, 70],[(222, 209, 209), (184, 171, 169), (83, 82, 77), (35, 37, 34), (131, 132, 129)]
IMG_1590,[10, 19, 20, 20, 140],[(224, 118, 82), (170, 160, 151), (11, 168, 237), (39, 31, 24), (105, 94, 84)]
IMG_1574,[14, 33, 55, 93, 113],[(127, 125, 117), (71, 76, 72), (103, 106, 96), (206, 174, 158), (43, 46, 45)]
IMG_1124,[0, 8, 19, 173, 174],[(203, 202, 211), (100, 83, 68), (15, 9, 9), (55, 43, 40), (123, 122, 135)]
IMG_1523,[63, 161, 170, 170, 191],[(24, 26, 34), (131, 130, 132), (42, 42, 50), (192, 193, 191), (72, 72, 76)]
IMG_1535,[31, 31, 42, 127, 233],[(14, 12, 13), (243, 243, 241), (186, 182, 171), (140, 131, 105), (65, 68, 68)]
IMG_1132,[24, 24, 24, 24, 25],[(159, 145, 126), (25, 18, 8), (95, 80, 60), (69, 53, 31), (49, 37, 20)]
IMG_1630,[0, 28, 85, 212, 250],[(253, 253, 253), (87, 60, 63), (23, 19, 23), (140, 139, 137), (177, 179, 177)]
IMG_1260,[143, 144, 144, 145, 158],[(24, 94, 145), (109, 177, 222), (187, 228, 252), (7, 10, 18), (148, 205, 242)]
IMG_1519,[16, 21, 42, 184, 212],[(94, 86, 81), (27, 27, 23), (144, 143, 146), (52, 47, 42), (177, 174, 177)]
IMG_1237,[0, 0, 5, 14, 24],[(30, 25, 18), (188, 181, 180), (113, 101, 95), (222, 220, 220), (249, 249, 249)]
IMG_1667,[12, 15, 17, 23, 141],[(222, 205, 184), (51, 30, 21), (100, 71, 54), (245, 249, 251), (150, 120, 99)]
IMG_1688,[6, 13, 16, 18, 28],[(35, 19, 16), (83, 56, 43), (136, 100, 78), (181, 151, 128), (230, 222, 205)]
IMG_1671,[10, 28, 147, 153, 153],[(53, 61, 68), (155, 143, 139), (8, 10, 13), (102, 106, 112), (238, 220, 184)]
IMG_1108,[14, 21, 28, 30, 41],[(253, 245, 3), (246, 244, 239), (247, 125, 60), (9, 8, 7), (253, 186, 45)]
IMG_1558,[0, 8, 141, 233, 240],[(38, 32, 35), (3, 2, 2), (132, 124, 122), (202, 220, 229), (72, 60, 64)]
IMG_1276,[0, 243, 245, 254, 254],[(173, 120, 121), (79, 27, 39), (226, 175, 175), (126, 79, 80), (12, 1, 4)]
IMG_1626,[5, 5, 16, 24, 242],[(184, 170, 151), (106, 90, 80), (65, 51, 49), (11, 4, 3), (40, 26, 30)]
IMG_1299,[13, 14, 58, 242, 252],[(95, 78, 83), (215, 196, 186), (169, 85, 44), (54, 35, 36), (153, 156, 148)]
IMG_1128,[127, 146, 153, 155, 158],[(122, 126, 134), (213, 222, 229), (59, 67, 80), (252, 253, 253), (171, 176, 190)]
IMG_1597,[21, 33, 42, 44, 56],[(226, 219, 193), (186, 187, 184), (98, 99, 72), (50, 39, 28), (150, 150, 135)]
IMG_1651,[0, 10, 13, 14, 239],[(51, 36, 36), (153, 123, 107), (213, 191, 181), (97, 70, 61), (21, 13, 16)]
IMG_1201,[0, 2, 11, 25, 113],[(211, 209, 206), (37, 43, 41), (7, 7, 7), (96, 85, 81), (148, 134, 133)]
IMG_1256,[9, 9, 9, 13, 14],[(111, 59, 44), (229, 162, 128), (196, 126, 95), (150, 88, 69), (63, 30, 21)]
IMG_1539,[0, 0, 19, 21, 22],[(25, 24, 24), (181, 175, 170), (115, 115, 115), (220, 214, 207), (152, 148, 144)]
IMG_1610,[21, 23, 29, 138, 159],[(56, 57, 60), (78, 60, 38), (11, 14, 15), (105, 99, 86), (36, 35, 34)]
IMG_1240,[93, 127, 144, 148, 150],[(198, 208, 218), (25, 28, 30), (84, 89, 85), (147, 149, 149), (235, 241, 248)]
IMG_1581,[0, 14, 14, 19, 198],[(31, 29, 32), (58, 54, 54), (175, 169, 164), (84, 82, 81), (124, 120, 118)]
IMG_1217,[167, 181, 198, 202, 207],[(133, 124, 156), (97, 72, 109), (156, 158, 190), (51, 32, 57), (209, 201, 210)]
IMG_1647,[1, 1, 8, 14, 31],[(67, 14, 12), (141, 71, 53), (224, 180, 49), (248, 107, 103), (246, 163, 122)]
IMG_1283,[24, 34, 39, 151, 152],[(138, 132, 37), (156, 167, 181), (210, 202, 191), (62, 56, 29), (103, 143, 198)]
IMG_1112,[6, 16, 20, 25, 243],[(115, 102, 90), (213, 203, 188), (83, 62, 58), (165, 148, 137), (48, 30, 35)]
IMG_1542,[18, 25, 30, 42, 48],[(93, 96, 74), (213, 171, 62), (62, 53, 39), (132, 132, 125), (19, 14, 10)]
IMG_1684,[19, 21, 162, 184, 249],[(128, 106, 109), (185, 161, 141), (67, 65, 71), (30, 31, 36), (214, 208, 202)]
IMG_1554,[14, 15, 15, 16, 16],[(49, 30, 18), (209, 185, 170), (131, 105, 90), (91, 67, 53), (211, 132, 91)]
IMG_1104,[12, 15, 17, 18, 19],[(184, 166, 152), (105, 86, 75), (66, 49, 35), (14, 7, 4), (40, 26, 16)]
IMG_1503,[0, 0, 0, 0, 18],[(193, 193, 193), (231, 231, 231), (254, 254, 254), (214, 214, 214), (82, 77, 73)]
IMG_1295,[162, 169, 183, 237, 254],[(90, 98, 136), (229, 5, 10), (20, 3, 10), (27, 28, 73), (200, 195, 211)]
IMG_1294,[18, 22, 22, 233, 252],[(37, 33, 35), (85, 77, 71), (166, 153, 138), (136, 4, 13), (132, 119, 104)]
IMG_1339,[148, 150, 154, 155, 157],[(59, 88, 141), (51, 53, 57), (83, 86, 93), (168, 183, 197), (116, 133, 153)]
IMG_1502,[4, 11, 14, 170, 226],[(97, 88, 87), (159, 147, 141), (44, 41, 43), (226, 218, 215), (15, 15, 17)]
IMG_1693,[0, 15, 29, 36, 70],[(173, 166, 127), (106, 103, 96), (241, 243, 240), (32, 23, 23), (69, 59, 53)]
IMG_1105,[150, 154, 157, 159, 161],[(112, 126, 151), (168, 179, 192), (19, 25, 49), (74, 84, 108), (42, 51, 77)]
IMG_1685,[23, 26, 37, 118, 144],[(197, 161, 99), (139, 106, 64), (247, 233, 120), (230, 236, 240), (170, 180, 178)]
IMG_1113,[31, 34, 40, 53, 146],[(102, 101, 83), (121, 123, 115), (82, 77, 56), (39, 37, 31), (162, 178, 191)]
IMG_1543,[78, 165, 180, 198, 222],[(245, 60, 201), (44, 40, 46), (120, 119, 123), (112, 166, 103), (196, 197, 206)]
IMG_1282,[14, 15, 24, 212, 235],[(46, 35, 40), (97, 87, 82), (213, 204, 192), (143, 136, 132), (13, 11, 13)]
IMG_1265,[33, 35, 36, 37, 42],[(205, 203, 189), (90, 85, 65), (120, 120, 118), (58, 55, 39), (25, 24, 18)]
IMG_1216,[8, 12, 21, 27, 191],[(215, 211, 210), (75, 68, 65), (21, 20, 22), (178, 174, 167), (143, 135, 127)]
IMG_1646,[3, 17, 127, 238, 246],[(50, 38, 37), (205, 108, 146), (224, 119, 44), (247, 204, 213), (30, 160, 159)]
IMG_1580,[11, 16, 23, 30, 198],[(51, 33, 26), (127, 74, 41), (240, 225, 187), (9, 7, 10), (202, 153, 90)]
IMG_1611,[141, 141, 143, 147, 148],[(245, 247, 248), (56, 63, 69), (115, 122, 129), (14, 18, 20), (28, 33, 36)]
IMG_1241,[0, 24, 143, 152, 162],[(168, 160, 149), (31, 32, 37), (148, 187, 241), (194, 226, 246), (88, 83, 83)]
IMG_1538,[154, 157, 157, 158, 165],[(208, 210, 215), (97, 100, 108), (28, 29, 38), (192, 199, 211), (146, 148, 153)]
IMG_1257,[10, 13, 14, 15, 23],[(128, 89, 71), (44, 28, 23), (192, 148, 122), (198, 186, 171), (168, 121, 96)]
IMG_1607,[28, 30, 37, 53, 82],[(194, 188, 138), (26, 30, 15), (148, 111, 39), (69, 85, 68), (68, 57, 28)]
IMG_1338,[2, 6, 7, 9, 253],[(69, 44, 45), (42, 24, 21), (182, 108, 86), (22, 7, 6), (105, 63, 54)]
IMG_1650,[11, 12, 148, 223, 233],[(25, 21, 24), (69, 42, 32), (159, 147, 153), (46, 59, 72), (120, 83, 68)]
IMG_1200,[28, 29, 31, 32, 42],[(127, 121, 104), (175, 167, 151), (23, 23, 19), (92, 86, 72), (58, 55, 45)]
IMG_1129,[26, 27, 27, 28, 33],[(58, 53, 45), (250, 244, 221), (95, 88, 74), (147, 135, 113), (207, 189, 156)]
IMG_1579,[21, 53, 58, 58, 68],[(57, 65, 44), (182, 177, 172), (125, 130, 117), (92, 97, 78), (19, 22, 17)]
IMG_1277,[15, 37, 119, 130, 139],[(33, 186, 245), (211, 104, 42), (51, 67, 64), (156, 154, 140), (211, 227, 228)]
IMG_1298,[15, 25, 27, 35, 212],[(137, 133, 127), (182, 172, 154), (58, 53, 50), (232, 229, 215), (19, 18, 19)]
IMG_1109,[11, 154, 155, 175, 240],[(192, 203, 224), (149, 159, 176), (94, 70, 61), (116, 115, 123), (43, 37, 39)]
IMG_1559,[0, 8, 12, 138, 155],[(26, 27, 29), (1, 1, 1), (186, 169, 162), (66, 69, 70), (251, 97, 57)]
IMG_1670,[5, 7, 14, 27, 191],[(190, 185, 184), (249, 237, 216), (133, 126, 125), (71, 67, 65), (21, 20, 22)]
IMG_1220,[1, 31, 127, 147, 179],[(206, 218, 229), (54, 51, 64), (250, 251, 251), (122, 89, 88), (165, 160, 145)]
IMG_1236,[154, 159, 161, 162, 184],[(196, 203, 215), (27, 26, 29), (151, 153, 162), (230, 233, 242), (73, 76, 88)]
IMG_1666,[16, 18, 24, 31, 34],[(38, 33, 29), (220, 145, 38), (162, 158, 147), (223, 220, 207), (120, 90, 71)]
IMG_1689,[6, 13, 20, 31, 159],[(63, 89, 172), (149, 125, 103), (216, 202, 164), (23, 17, 16), (87, 64, 53)]
IMG_1622,[0, 1, 18, 178, 244],[(123, 107, 95), (33, 29, 30), (164, 159, 184), (72, 70, 70), (149, 124, 123)]
IMG_1518,[31, 137, 142, 148, 151],[(81, 100, 119), (207, 227, 233), (230, 186, 62), (154, 177, 189), (56, 59, 63)]
IMG_1631,[0, 127, 149, 170, 249],[(127, 127, 138), (0, 1, 1), (30, 29, 29), (69, 61, 62), (156, 168, 181)]
IMG_1261,[0, 0, 0, 21, 212],[(231, 231, 231), (247, 247, 247), (28, 27, 28), (254, 254, 254), (112, 109, 106)]
IMG_1133,[4, 19, 32, 101, 118],[(182, 80, 69), (185, 174, 139), (213, 218, 215), (103, 118, 115), (66, 54, 44)]
IMG_1534,[0, 19, 28, 106, 135],[(9, 139, 169), (31, 33, 32), (194, 188, 183), (145, 143, 139), (253, 253, 253)]
IMG_1522,[40, 67, 133, 167, 243],[(214, 68, 109), (71, 74, 131), (226, 217, 57), (103, 192, 207), (122, 193, 73)]
IMG_1575,[19, 21, 23, 24, 24],[(74, 53, 36), (38, 28, 18), (128, 97, 57), (13, 10, 6), (163, 144, 117)]
IMG_1125,[20, 21, 23, 25, 26],[(65, 49, 32), (23, 15, 5), (42, 27, 13), (123, 105, 78), (9, 6, 1)]